results on 2023-01-24 15:41:26.388032 : 
squeezing parameter:    1.5+
learning rate:     1.75 
steps:     5 
x: [ 0.  0.  3. 13. 16. 13.  1.  0.  0.  3. 15. 13. 10. 16.  2.  0.  0.  4.
 10.  0.  4. 16.  1.  0.  0.  0.  0.  3. 11. 14.  2.  0.  0.  0.  9. 16.
 16. 16.  8.  0.  0.  0.  9. 12. 16.  0.  0.  0.  0.  0.  1. 12. 11.  0.
  0.  0.  0.  0.  3. 16.  8.  0.  0.  0.], y: 1.0
x: [ 0.  0.  1.  8. 11. 13. 15.  3.  0.  0.  7. 16. 10. 10. 16.  5.  0.  1.
 13.  3.  0.  9. 14.  0.  0.  3. 15.  0.  2. 15.  4.  0.  0.  5.  8.  0.
 10. 11.  0.  0.  0.  0.  0.  2. 15.  4.  0.  0.  0.  0.  0.  8. 14.  0.
  0.  0.  0.  0.  0. 13.  7.  0.  0.  0.], y: 1.0
x: [ 0.  0. 11. 16. 12. 12. 16.  7.  0.  3. 16.  9.  8. 16. 10.  0.  0.  1.
 10.  0.  6. 14.  2.  0.  0.  0.  1.  8. 15. 15. 11.  0.  0.  0. 12. 16.
 15.  7.  2.  0.  0.  0.  4. 13.  7.  0.  0.  0.  0.  0.  4. 16.  3.  0.
  0.  0.  0.  0. 12. 12.  0.  0.  0.  0.], y: 1.0
x: [ 0.  0.  4. 15.  4.  0.  0.  0.  0.  0.  3. 16.  9.  0.  0.  0.  0.  0.
  2. 16. 11.  0.  0.  0.  0.  0.  0. 16. 13.  0.  0.  0.  0.  0.  2. 16.
 16.  2.  0.  0.  0.  0.  0.  5. 15. 10.  0.  0.  0.  0.  4. 12. 14. 16.
 13. 13.  0.  0.  2. 13. 16. 16. 15.  8.], y: 0.0
x: [ 0.  0.  3. 14. 15.  9.  0.  0.  0.  0. 10. 16. 16. 13.  0.  0.  0.  2.
 13. 16. 16.  4.  0.  0.  0.  0. 12. 16. 16.  4.  0.  0.  0.  2. 13. 16.
 16.  4.  0.  0.  0.  0. 12. 16. 16.  4.  0.  0.  0.  0.  6. 16. 16. 16.
  6.  0.  0.  0.  2. 10. 16. 16.  2.  0.], y: 0.0
x: [ 0.  0.  0.  1. 12.  7.  0.  0.  0.  0.  0.  9. 16. 16.  1.  0.  0.  1.
  7. 15. 16. 14.  0.  0.  0.  4. 16. 16. 16. 16.  0.  0.  0.  0.  0.  3.
 16. 16.  0.  0.  0.  0.  0.  2. 16. 16.  3.  0.  0.  0.  0.  6. 16. 16.
  0.  0.  0.  0.  0.  3. 15. 13.  0.  0.], y: 0.0
x: [ 0.  0.  0.  4. 14. 14.  5.  0.  0.  0.  0.  9. 16. 16.  7.  0.  0.  0.
  5. 15. 16. 15.  3.  0.  0.  4. 15. 16. 16. 12.  0.  0.  0.  5. 16. 16.
 16. 12.  0.  0.  0.  0.  0. 12. 16. 13.  1.  0.  0.  0.  0.  8. 16. 16.
  7.  0.  0.  0.  0.  4. 14. 15.  6.  0.], y: 0.0
x: [ 0.  0.  2. 14. 15.  4.  0.  0.  0.  0.  2. 16. 16. 11.  0.  0.  0.  0.
  2. 16. 16. 10.  0.  0.  0.  0.  5. 16. 16.  7.  0.  0.  0.  0. 14. 16.
 14.  2.  0.  0.  0.  4. 16. 16.  8.  0.  0.  0.  0.  3. 15. 16.  8.  0.
  0.  0.  0.  0.  5. 15. 13.  2.  0.  0.], y: 0.0
x: [ 0.  0.  2. 15.  3.  0.  0.  0.  0.  0.  4. 16.  4.  0.  0.  0.  0.  0.
  4. 16.  5.  0.  0.  0.  0.  0. 14. 16.  6.  0.  0.  0.  0.  0.  7. 15.
  7.  0.  0.  0.  0.  0.  2. 10.  9.  0.  0.  0.  0.  0. 16. 16. 15.  9.
 16.  5.  0.  0.  3. 15. 16. 15.  7.  1.], y: 0.0
x: [ 0.  0.  7. 16. 16.  5.  0.  0.  0.  1. 15. 11. 14. 11.  0.  0.  0.  0.
  0.  0. 12.  8.  0.  0.  0.  0.  3.  8. 14. 12.  5.  0.  0.  0. 14. 16.
 16. 10.  5.  0.  0.  0.  2.  8. 14.  0.  0.  0.  0.  0.  1. 15.  8.  0.
  0.  0.  0.  0.  8. 14.  1.  0.  0.  0.], y: 1.0
x: [ 0.  0. 10. 16.  5.  0.  0.  0.  0.  1. 10. 14. 12.  0.  0.  0.  0.  0.
  0.  9. 11.  0.  0.  0.  0.  0.  2. 11. 13.  3.  0.  0.  0.  0. 11. 16.
 16. 16.  7.  0.  0.  0.  3. 16.  4.  5.  1.  0.  0.  0.  7. 13.  0.  0.
  0.  0.  0.  0. 13.  6.  0.  0.  0.  0.], y: 1.0
x: [ 0.  0.  0.  0. 12. 13.  1.  0.  0.  0.  0.  8. 16. 15.  2.  0.  0.  0.
 10. 16. 16. 12.  0.  0.  0.  4. 16. 16. 16. 13.  0.  0.  0.  4.  7.  4.
 16.  6.  0.  0.  0.  0.  0.  1. 16.  8.  0.  0.  0.  0.  0.  1. 16.  8.
  0.  0.  0.  0.  0.  0. 12. 12.  0.  0.], y: 0.0
x: [ 0.  0.  8. 16. 14. 15.  0.  0.  0.  0. 13. 11. 15. 11.  0.  0.  0.  4.
 14.  1. 13.  5.  0.  0.  0.  3.  7.  8. 16.  4.  3.  0.  0.  0. 14. 16.
 16. 13.  7.  0.  0.  0.  5. 13.  2.  0.  0.  0.  0.  0.  6. 10.  0.  0.
  0.  0.  0.  0. 10.  6.  0.  0.  0.  0.], y: 1.0
x: [ 0.  0.  4. 12. 12.  7.  0.  0.  0.  0. 16. 16. 16.  5.  0.  0.  0.  0.
 16. 16. 16. 16.  0.  0.  0.  4. 16. 16. 16. 12.  0.  0.  0.  4. 16. 16.
 16. 12.  0.  0.  0.  3. 15. 16. 16.  9.  0.  0.  0.  0. 12. 16. 16.  8.
  0.  0.  0.  1.  7. 12. 11.  5.  0.  0.], y: 0.0
x: [ 0.  0.  1. 12. 16.  8.  0.  0.  0.  2. 13. 16. 16.  8.  0.  0.  0. 13.
 16. 14. 16. 12.  0.  0.  0. 11.  6.  7. 16.  2.  0.  0.  0.  0.  0. 11.
 16.  1.  0.  0.  0.  0.  0. 13. 13.  0.  0.  0.  0.  0.  0. 15. 13.  0.
  0.  0.  0.  0.  0. 13. 13.  0.  0.  0.], y: 0.0
x: [ 0.  0.  6. 15. 14.  1.  0.  0.  0.  0. 13. 16. 16.  2.  0.  0.  0.  0.
  3.  8. 16.  2.  0.  0.  0.  2.  6. 12. 16.  7.  2.  0.  0. 13. 16. 16.
 16. 16.  9.  0.  0. 10. 13. 16.  7.  1.  0.  0.  0.  0.  6. 14.  0.  0.
  0.  0.  0.  0. 10.  8.  0.  0.  0.  0.], y: 1.0
x: [ 0.  0.  0. 11. 16. 16. 10.  0.  0.  0. 10. 12.  9. 15.  9.  0.  0.  0.
 13.  8.  0. 12.  5.  0.  0.  0.  6.  0.  4. 12.  0.  0.  0.  0.  2. 15.
 16. 16.  9.  0.  0.  0.  6. 13. 15.  9.  1.  0.  0.  0.  0.  9.  9.  0.
  0.  0.  0.  0.  1. 14.  4.  0.  0.  0.], y: 1.0
x: [ 0.  0.  0. 12. 16.  9.  0.  0.  0.  0.  2. 16. 16.  6.  0.  0.  0.  0.
  3. 16. 16.  2.  0.  0.  0.  0.  8. 16. 12.  0.  0.  0.  0.  0.  6. 16.
 16.  0.  0.  0.  0.  0. 10. 16. 15.  1.  0.  0.  0.  0.  9. 16. 11.  0.
  0.  0.  0.  0.  8. 16. 10.  0.  0.  0.], y: 0.0
x: [ 0.  0. 10. 15.  1.  0.  0.  0.  0.  0. 11. 16.  1.  0.  0.  0.  0.  1.
 16. 16.  1.  0.  0.  0.  0.  0.  8. 16.  5.  0.  0.  0.  0.  0.  0. 14.
 10.  0.  0.  0.  0.  0.  0. 10. 14.  0.  0.  0.  0.  0.  5. 11. 15.  6.
  4.  1.  0.  0. 10. 16. 16. 16. 16. 10.], y: 0.0
x: [ 0.  0.  8. 12. 11.  6.  0.  0.  0.  0.  8. 16. 16. 13.  2.  0.  0.  2.
 14. 16. 16. 14.  2.  0.  0.  2. 13. 16. 16.  8.  0.  0.  0.  4. 16. 16.
 16.  8.  0.  0.  0.  4. 16. 16. 16. 10.  0.  0.  0.  1. 11. 16. 16.  8.
  0.  0.  0.  0.  4. 11. 12.  7.  0.  0.], y: 0.0
x: [ 0.  0.  6. 16. 13. 12. 14.  1.  0.  0. 14.  4.  4. 15.  4.  0.  0.  1.
  7.  0. 10.  7.  0.  0.  0.  0.  0.  2. 13.  1.  0.  0.  0.  2.  9. 14.
 16. 12.  0.  0.  0.  4.  6. 15.  2.  4.  1.  0.  0.  0.  6.  7.  0.  0.
  0.  0.  0.  0. 10.  4.  0.  0.  0.  0.], y: 1.0
x: [ 0.  0.  0.  8. 16. 16. 16.  6.  0.  0.  6. 14.  5.  8. 16.  2.  0.  0.
  7.  4.  0.  6. 12.  0.  0.  0.  0.  0.  0. 12.  6.  0.  0.  0.  0. 11.
 16. 16. 10.  0.  0.  0.  0. 12. 16.  8.  0.  0.  0.  0.  0.  6. 16.  0.
  0.  0.  0.  0.  0. 12.  9.  0.  0.  0.], y: 1.0
x: [ 0.  0.  0.  0.  7. 14.  7.  0.  0.  0.  0.  3. 16. 16.  9.  0.  0.  0.
  6. 15. 16. 16.  6.  0.  0.  5. 16. 16. 16. 16.  2.  0.  0.  4.  8.  8.
 16. 16.  0.  0.  0.  0.  0.  3. 16. 16.  3.  0.  0.  0.  0.  1. 13. 16.
  0.  0.  0.  0.  0.  0.  8. 15.  0.  0.], y: 0.0
x: [ 0.  0.  0. 13.  9.  0.  0.  0.  0.  0.  0. 14. 15.  1.  0.  0.  0.  0.
  0. 13. 16.  0.  0.  0.  0.  0.  0. 11. 16.  0.  0.  0.  0.  0.  0. 10.
 16.  2.  0.  0.  0.  0.  0. 14. 16.  1.  0.  0.  0.  0.  0. 15. 16.  1.
  0.  0.  0.  0.  0. 12. 15.  0.  0.  0.], y: 0.0
x: [ 0.  0.  5. 16. 16. 16. 16. 11.  0.  0.  6.  9.  5.  5. 15.  8.  0.  0.
  0.  0.  0.  9. 11.  1.  0.  0.  0.  3.  6. 16.  3.  0.  0.  0.  5. 16.
 16. 16.  7.  0.  0.  0.  4.  8. 16.  4.  1.  0.  0.  0.  1. 13. 10.  0.
  0.  0.  0.  0.  3. 16.  2.  0.  0.  0.], y: 1.0
x: [ 0.  0.  0. 13. 14.  0.  0.  0.  0.  0.  0. 13. 16.  3.  0.  0.  0.  0.
  2. 16. 15.  3.  0.  0.  0.  0.  4. 16. 14.  0.  0.  0.  0.  0.  3. 16.
 11.  0.  0.  0.  0.  0.  8. 16. 10.  0.  0.  0.  0.  0.  6. 16.  7.  0.
  0.  0.  0.  0.  1. 11.  9.  0.  0.  0.], y: 0.0
x: [ 0.  0.  9. 16. 16. 16.  5.  0.  0.  1. 14. 10.  8. 16.  8.  0.  0.  0.
  0.  0.  7. 16.  3.  0.  0.  3.  8. 11. 15. 16. 11.  0.  0.  8. 16. 16.
 15. 11.  3.  0.  0.  0.  2. 16.  7.  0.  0.  0.  0.  0.  8. 16.  1.  0.
  0.  0.  0.  0. 13. 10.  0.  0.  0.  0.], y: 1.0
x: [ 0.  0.  0.  7. 14. 16.  5.  0.  0.  0.  7. 16. 12. 16.  8.  0.  0.  0.
  4.  2.  1. 16.  4.  0.  0.  0.  3. 12. 12. 16.  8.  0.  0.  0. 12. 16.
 16. 15.  5.  0.  0.  0.  5.  5. 13.  6.  0.  0.  0.  0.  0.  2. 14.  0.
  0.  0.  0.  0.  0.  9.  8.  0.  0.  0.], y: 1.0
x: [ 0.  0. 12. 16. 16. 12.  0.  0.  0.  0.  6.  4. 10. 13.  1.  0.  0.  0.
  0.  0. 13.  9.  0.  0.  0.  0.  5.  9. 16. 16. 12.  0.  0.  3. 16. 16.
 11.  3.  0.  0.  0.  0.  7. 13.  0.  0.  0.  0.  0.  0. 11.  8.  0.  0.
  0.  0.  0.  0. 16.  3.  0.  0.  0.  0.], y: 1.0
x: [ 0.  0.  4. 13. 16. 16. 16. 10.  0.  0. 11. 15. 12. 13. 16.  5.  0.  0.
  0.  0.  0. 12. 11.  0.  0.  0.  1.  0.  5. 15.  2.  0.  0.  0. 14. 13.
 15. 15.  6.  0.  0.  0. 15. 16. 15.  9.  2.  0.  0.  0.  1. 16.  7.  0.
  0.  0.  0.  0.  6. 14.  2.  0.  0.  0.], y: 1.0
x: [ 0.  0.  7. 14. 16.  8.  0.  0.  0.  0. 14. 14. 16. 14.  0.  0.  0.  0.
  0.  0. 10. 12.  0.  0.  0.  0.  4.  4. 14.  9.  2.  0.  0.  7. 16. 16.
 16. 16.  7.  0.  0.  6. 12. 16. 11.  1.  0.  0.  0.  0.  2. 16.  3.  0.
  0.  0.  0.  0.  6. 13.  0.  0.  0.  0.], y: 1.0
x: [ 0.  0.  7. 16. 16. 15.  5.  0.  0.  0.  9. 12. 15. 16.  7.  0.  0.  0.
  0.  0.  9. 15.  1.  0.  0.  0.  7. 12. 15. 15.  8.  0.  0.  1. 16. 16.
 16. 13.  5.  0.  0.  0.  0. 14. 10.  0.  0.  0.  0.  0.  5. 16.  2.  0.
  0.  0.  0.  0.  8. 14.  1.  0.  0.  0.], y: 1.0
x: [ 0.  0.  4. 16. 16. 16.  3.  0.  0.  0.  7. 12. 13. 16.  8.  0.  0.  0.
  0.  0.  1. 16.  5.  0.  0.  1.  4.  4.  7. 16.  1.  0.  0. 10. 16. 16.
 16. 16.  9.  0.  0.  5. 11. 13. 16. 10.  2.  0.  0.  0.  0. 11. 13.  0.
  0.  0.  0.  0.  5. 13.  3.  0.  0.  0.], y: 1.0
x: [ 0.  0. 11. 10.  0.  0.  0.  0.  0.  0. 13. 15.  0.  0.  0.  0.  0.  0.
 12. 16.  5.  0.  0.  0.  0.  1. 15. 16.  5.  0.  0.  0.  0.  0.  3. 13.
 10.  0.  0.  0.  0.  0.  0. 10. 14.  0.  0.  0.  0.  0.  5. 11. 16.  9.
  5.  1.  0.  0. 12. 16. 16. 16. 16. 12.], y: 0.0
x: [ 0.  0.  7. 16. 14. 13. 10.  0.  0.  0. 10. 12. 10. 16.  4.  0.  0.  0.
 15.  5.  8. 13.  0.  0.  0.  1.  7.  1. 16.  3.  0.  0.  0.  2. 11. 13.
 16. 12.  6.  0.  0.  4. 12. 15. 14. 11.  2.  0.  0.  0.  3. 16.  3.  0.
  0.  0.  0.  0.  9. 13.  0.  0.  0.  0.], y: 1.0
x: [ 0.  0.  0.  4. 13. 16. 15.  2.  0.  0.  2. 15. 13. 13. 16.  6.  0.  0.
  7.  7.  0.  3. 16.  4.  0.  0.  0.  4.  4.  8. 14.  0.  0.  0. 14. 16.
 16. 16.  6.  0.  0.  0. 11.  9. 10. 12.  0.  0.  0.  0.  0.  0. 13.  3.
  0.  0.  0.  0.  0.  4. 10.  0.  0.  0.], y: 1.0
Accuracy on test set: 0.4444444444444444
Loss on test set: 0.12657391074750204


results on 2023-01-26 12:48:01.177321 : 
squeezing parameter:    1.5+
learning rate:     0.75 
steps:     5 
x: [ 0.  0.  4. 14. 16. 14.  1.  0.  0.  2. 14. 16. 16.  8.  0.  0.  0.  4.
 16. 16. 14.  3.  0.  0.  0.  4. 16. 16. 10.  0.  0.  0.  0.  0. 12. 13.
 12.  0.  0.  0.  0.  1. 14. 16. 15.  3.  0.  0.  0.  0. 10. 16. 16. 12.
  0.  0.  0.  0.  2.  9. 15. 16.  8.  0.], y: 0.0
x: [ 0.  0.  3. 13. 16. 13.  1.  0.  0.  3. 15. 13. 10. 16.  2.  0.  0.  4.
 10.  0.  4. 16.  1.  0.  0.  0.  0.  3. 11. 14.  2.  0.  0.  0.  9. 16.
 16. 16.  8.  0.  0.  0.  9. 12. 16.  0.  0.  0.  0.  0.  1. 12. 11.  0.
  0.  0.  0.  0.  3. 16.  8.  0.  0.  0.], y: 1.0
x: [ 0.  0.  3. 16. 12.  1.  0.  0.  0.  0. 10. 16. 16.  0.  0.  0.  0.  0.
 12. 16. 12.  0.  0.  0.  0.  0. 13. 16. 10.  0.  0.  0.  0.  0. 16. 16.
  1.  0.  0.  0.  0.  0. 16. 16.  0.  0.  0.  0.  0.  0. 10. 16.  1.  0.
  0.  0.  0.  0.  2. 13.  9.  0.  0.  0.], y: 0.0
x: [ 0.  0.  0.  0.  5. 14.  3.  0.  0.  0.  0.  0.  9. 16.  8.  0.  0.  0.
  0.  9. 16. 16.  5.  0.  0.  1. 13. 15. 12. 16.  1.  0.  0.  4. 12.  3.
 10. 15.  0.  0.  0.  0.  0.  0. 11. 12.  0.  0.  0.  0.  0.  0.  8. 12.
  0.  0.  0.  0.  0.  0.  5. 13.  4.  0.], y: 0.0
x: [ 0.  0.  0.  0. 10. 11.  0.  0.  0.  0.  0.  0. 16. 13.  0.  0.  0.  0.
  0.  7. 16.  9.  0.  0.  0.  0.  0. 13. 16.  3.  0.  0.  0.  0. 10. 16.
 16.  0.  0.  0.  0.  0. 15. 16. 16.  4.  0.  0.  0.  3. 12.  6. 16.  6.
  0.  0.  0.  0.  0.  0. 10. 13.  7.  0.], y: 0.0
x: [ 0.  0.  6. 16. 16. 16. 12.  0.  0.  0. 13. 10.  8. 16.  5.  0.  0.  1.
 15.  1.  9. 12.  0.  0.  0.  0.  4.  0. 13.  7.  0.  0.  0.  0. 10. 16.
 16. 16.  9.  0.  0.  0.  7. 14. 12.  8.  3.  0.  0.  0.  3. 15.  5.  0.
  0.  0.  0.  0.  8. 15.  0.  0.  0.  0.], y: 1.0
x: [ 0.  1. 13. 13. 10.  0.  0.  0.  0.  1. 13. 16. 15.  0.  0.  0.  0.  0.
 12. 16. 16.  0.  0.  0.  0.  0. 16. 16. 12.  0.  0.  0.  0.  0. 15. 16.
 13.  1.  0.  0.  0.  0. 15. 16. 11.  0.  0.  0.  0.  0. 16. 16. 16.  5.
  0.  0.  0.  0. 14. 16. 15.  8.  1.  0.], y: 0.0
x: [ 0.  0.  6. 12. 12.  6.  0.  0.  0.  0. 11. 16. 16. 13.  0.  0.  0.  0.
 12. 16. 16.  8.  0.  0.  0.  0.  8. 16. 16. 12.  0.  0.  0.  2. 13. 16.
 16. 12.  0.  0.  0.  1. 16. 16. 16. 10.  0.  0.  0.  0. 16. 16. 16.  8.
  0.  0.  0.  0.  2. 11. 10.  4.  0.  0.], y: 0.0
x: [ 0.  0.  4. 10. 15. 16.  4.  0.  0.  0. 13. 14.  9. 16.  3.  0.  0.  0.
  2.  1.  5. 15.  0.  0.  0.  0.  3.  4. 13. 14.  2.  0.  0.  5. 16. 16.
 16. 16.  8.  0.  0.  4.  9. 12. 14.  1.  0.  0.  0.  0.  5. 15. 10.  0.
  0.  0.  0.  0.  6. 16.  4.  0.  0.  0.], y: 1.0
x: [ 0.  0.  6. 16. 11.  0.  0.  0.  0.  0.  9. 16. 16.  5.  0.  0.  0.  0.
  8. 16. 16.  4.  0.  0.  0.  0. 10. 16. 13.  0.  0.  0.  0.  0. 13. 16.
 12.  0.  0.  0.  0.  0. 10. 16.  9.  0.  0.  0.  0.  0.  9. 16. 10.  0.
  0.  0.  0.  0.  4. 15. 16.  3.  0.  0.], y: 0.0
x: [ 0.  0.  3. 15. 16. 16.  5.  0.  0.  0. 10. 12. 10. 16.  6.  0.  0.  2.
 15.  2.  3. 16.  1.  0.  0.  0.  2.  3. 10. 13.  2.  0.  0.  0.  3. 16.
 16. 16. 10.  0.  0.  0.  0. 12. 13.  7.  1.  0.  0.  0.  1. 16.  6.  0.
  0.  0.  0.  0.  5. 14.  2.  0.  0.  0.], y: 1.0
x: [ 0.  0.  2. 12. 12. 12.  9.  2.  0.  0.  9. 15. 12. 13. 16.  5.  0.  0.
 12.  8.  0.  8. 10.  0.  0.  1. 16.  3.  3. 15.  2.  0.  0.  1.  3.  0.
 12.  7.  0.  0.  0.  0.  0.  4. 13.  0.  0.  0.  0.  0.  0. 13.  9.  0.
  0.  0.  0.  0.  3. 15.  3.  0.  0.  0.], y: 1.0
x: [ 0.  0.  3. 15.  5.  0.  0.  0.  0.  0.  5. 16. 10.  0.  0.  0.  0.  0.
  6. 16.  7.  0.  0.  0.  0.  2. 12. 16.  9.  0.  0.  0.  0.  8. 16. 15.
 14.  0.  0.  0.  0.  0.  6.  3. 16.  6.  0.  0.  0.  0.  6.  8. 12. 15.
 12. 10.  0.  0.  2. 13. 16. 16. 15. 11.], y: 0.0
x: [ 0.  0.  9. 16. 16. 16.  5.  0.  0.  1. 14. 10.  8. 16.  8.  0.  0.  0.
  0.  0.  7. 16.  3.  0.  0.  3.  8. 11. 15. 16. 11.  0.  0.  8. 16. 16.
 15. 11.  3.  0.  0.  0.  2. 16.  7.  0.  0.  0.  0.  0.  8. 16.  1.  0.
  0.  0.  0.  0. 13. 10.  0.  0.  0.  0.], y: 1.0
x: [ 0.  0.  1. 15. 13.  0.  0.  0.  0.  0.  1. 16. 16.  5.  0.  0.  0.  0.
  7. 16. 16.  0.  0.  0.  0.  0. 13. 16. 13.  0.  0.  0.  0.  7. 16. 16.
 13.  0.  0.  0.  0.  1. 11. 16. 13.  0.  0.  0.  0.  0.  2. 16. 16.  0.
  0.  0.  0.  0.  1. 14. 16.  3.  0.  0.], y: 0.0
x: [ 0.  0.  6. 16. 16. 12.  3.  0.  0.  0. 13. 12. 10. 16.  2.  0.  0.  1.
 16.  3. 10. 11.  0.  0.  0.  1.  7.  1. 16.  3.  0.  0.  0.  0.  0.  7.
 15.  4.  1.  0.  0.  0. 10. 16. 16. 16.  4.  0.  0.  0.  2. 16.  8.  3.
  0.  0.  0.  0.  6. 16.  3.  0.  0.  0.], y: 1.0
x: [ 0.  0.  5. 11. 12.  5.  0.  0.  0.  0. 12.  6.  2.  3.  0.  0.  0.  0.
  9. 16. 16.  4.  0.  0.  0.  0. 12. 16. 16.  4.  0.  0.  0.  0. 12. 16.
 16.  4.  0.  0.  0.  0. 12. 16. 16.  4.  0.  0.  0.  0. 12. 16. 16.  8.
  0.  0.  0.  0.  6. 12. 11.  7.  0.  0.], y: 0.0
x: [ 0.  0.  0. 15. 12.  1.  0.  0.  0.  0.  5. 16. 16.  6.  0.  0.  0.  0.
  2. 16. 16.  3.  0.  0.  0.  0.  2. 16. 16.  1.  0.  0.  0.  0.  6. 16.
 13.  0.  0.  0.  0.  0.  1. 16. 16.  2.  0.  0.  0.  0.  3. 16. 15.  3.
  0.  0.  0.  0.  0. 15. 16.  1.  0.  0.], y: 0.0
x: [ 0.  0.  0.  0. 14.  4.  0.  0.  0.  0.  0.  3. 16. 11.  0.  0.  0.  0.
  0. 10. 16.  9.  0.  0.  0.  0.  0. 13. 16.  7.  0.  0.  0.  0. 12. 16.
 16.  4.  0.  0.  0.  1. 13. 12. 16.  5.  0.  0.  0.  0.  0.  4. 16.  9.
  0.  0.  0.  0.  0.  0. 14. 10.  0.  0.], y: 0.0
x: [ 0.  0.  6. 12. 12. 15. 16.  6.  0.  2. 15. 16. 14. 16. 15.  3.  0.  3.
 16.  6.  6. 16.  6.  0.  0.  7. 15.  4. 14. 11.  0.  0.  0.  1.  2.  8.
 15.  3.  0.  0.  0.  0.  1. 16.  9.  0.  0.  0.  0.  0.  6. 16.  4.  0.
  0.  0.  0.  0.  8. 16.  3.  0.  0.  0.], y: 1.0
x: [ 0.  0.  0.  2. 16. 16.  2.  0.  0.  0.  0.  4. 16. 16.  2.  0.  0.  1.
  4. 12. 16. 12.  0.  0.  0.  7. 16. 16. 16. 12.  0.  0.  0.  0.  3. 10.
 16. 14.  0.  0.  0.  0.  0.  8. 16. 12.  0.  0.  0.  0.  0.  6. 16. 16.
  2.  0.  0.  0.  0.  2. 12. 15.  4.  0.], y: 0.0
x: [ 0.  0.  7. 10.  0.  0.  0.  0.  0.  0.  9. 16.  0.  0.  0.  0.  0.  0.
  6. 16.  5.  0.  0.  0.  0.  0.  9. 16.  9.  0.  0.  0.  0.  0.  0.  6.
 14.  1.  0.  0.  0.  0.  0.  2. 16.  4.  0.  0.  0.  0.  1.  4. 14. 12.
  4.  1.  0.  0.  7. 16. 16. 16. 16.  5.], y: 0.0
x: [ 0.  0.  7. 15. 16. 15.  0.  0.  0.  2. 15.  2.  5. 16.  1.  0.  0.  0.
  0.  0. 10. 13.  0.  0.  0.  0.  0.  3. 14. 11.  2.  0.  0.  0.  6. 16.
 16. 16.  8.  0.  0.  0.  5. 13.  7.  0.  0.  0.  0.  0.  3. 15.  1.  0.
  0.  0.  0.  0. 10. 12.  0.  0.  0.  0.], y: 1.0
x: [ 0.  0.  5. 15.  2.  0.  0.  0.  0.  0.  1. 16.  8.  0.  0.  0.  0.  0.
  0. 14. 12.  0.  0.  0.  0.  0.  2. 16. 16.  3.  0.  0.  0.  0.  2.  9.
 14.  6.  0.  0.  0.  0.  0.  0.  6. 13.  0.  0.  0.  0.  2. 10. 12. 16.
  4.  4.  0.  0.  4. 15. 16. 16. 16. 16.], y: 0.0
x: [ 0.  0.  6. 15. 16.  3.  0.  0.  0.  3. 16. 12. 15.  8.  0.  0.  0.  0.
  4.  0. 14.  6.  0.  0.  0.  0.  0.  2. 16.  6.  2.  0.  0.  0.  4. 14.
 16. 16.  8.  0.  0.  0. 15. 16.  7.  0.  0.  0.  0.  0.  6. 16.  0.  0.
  0.  0.  0.  0.  7.  9.  0.  0.  0.  0.], y: 1.0
x: [ 0.  0.  3. 11. 16. 15.  1.  0.  0.  1. 16. 14. 10. 16.  2.  0.  0.  5.
 12.  0.  8. 12.  0.  0.  0.  0.  1.  1. 13.  9.  0.  0.  0.  0. 11. 16.
 16. 13.  2.  0.  0.  0. 11. 14. 15. 12.  5.  0.  0.  0.  0. 15.  9.  0.
  0.  0.  0.  0.  0. 15.  5.  0.  0.  0.], y: 1.0
x: [ 0.  0.  0.  4. 14. 14.  5.  0.  0.  0.  0.  9. 16. 16.  7.  0.  0.  0.
  5. 15. 16. 15.  3.  0.  0.  4. 15. 16. 16. 12.  0.  0.  0.  5. 16. 16.
 16. 12.  0.  0.  0.  0.  0. 12. 16. 13.  1.  0.  0.  0.  0.  8. 16. 16.
  7.  0.  0.  0.  0.  4. 14. 15.  6.  0.], y: 0.0
x: [ 0.  0. 10. 15.  8. 13.  6.  0.  0.  0. 13. 14. 14. 15.  2.  0.  0.  1.
 15.  0. 13.  7.  0.  0.  0.  2.  7.  9. 16. 13. 13.  0.  0.  0. 10. 16.
 11.  7.  2.  0.  0.  0.  4. 16.  2.  0.  0.  0.  0.  0.  7. 13.  0.  0.
  0.  0.  0.  0. 12.  4.  0.  0.  0.  0.], y: 1.0
x: [ 0.  0.  2. 15. 15.  4.  0.  0.  0.  0. 11. 10. 14.  9.  0.  0.  0.  0.
  1.  0. 11.  9.  0.  0.  0.  0.  0.  3. 15.  4.  0.  0.  0.  0.  1. 16.
 16. 14.  6.  0.  0.  0.  0.  8. 13.  6.  1.  0.  0.  0.  0.  9.  7.  0.
  0.  0.  0.  0.  1. 15.  2.  0.  0.  0.], y: 1.0
x: [ 0.  0.  1. 12. 16. 16. 12.  0.  0.  0.  7. 16. 11. 12.  9.  0.  0.  0.
  6.  7.  0. 14.  4.  0.  0.  0.  0.  0.  6. 16.  3.  0.  0.  0.  0. 10.
 16. 16.  9.  0.  0.  0.  0.  8. 15.  5.  0.  0.  0.  0.  0.  8. 10.  0.
  0.  0.  0.  0.  0. 16.  5.  0.  0.  0.], y: 1.0
x: [ 0.  0.  0.  0.  5. 15.  8.  0.  0.  0.  0.  2. 15. 16.  9.  0.  0.  0.
  3. 15. 16. 16. 10.  0.  0.  7. 16. 10.  8. 16.  7.  0.  0.  0.  1.  0.
  8. 16.  4.  0.  0.  0.  0.  0. 11. 16.  1.  0.  0.  0.  0.  0.  9. 16.
  1.  0.  0.  0.  0.  0.  8. 14.  0.  0.], y: 0.0
x: [ 0.  1. 10. 16. 15.  2.  0.  0.  0.  1. 12. 13. 16.  4.  0.  0.  0.  0.
  0.  0. 16.  8.  0.  0.  0.  0.  7. 11. 16. 13.  8.  0.  0.  8. 16. 16.
 16. 16.  6.  0.  0.  2. 10. 16.  9.  0.  0.  0.  0.  0.  3. 16.  4.  0.
  0.  0.  0.  0. 10. 15.  2.  0.  0.  0.], y: 1.0
x: [ 0.  0.  6. 16. 16. 16. 16. 10.  0.  0.  6. 10.  8. 14. 16.  3.  0.  0.
  0.  0.  4. 16.  8.  0.  0.  0.  2. 10. 14. 15.  6.  0.  0.  0.  6. 16.
 16. 16.  7.  0.  0.  0.  0. 15.  9.  0.  0.  0.  0.  0.  6. 16.  6.  0.
  0.  0.  0.  0. 10. 13.  1.  0.  0.  0.], y: 1.0
x: [ 0.  0.  3. 16. 12.  1.  0.  0.  0.  0.  3. 16. 16.  5.  0.  0.  0.  0.
  2. 16. 16.  5.  0.  0.  0.  0.  0. 16. 16.  5.  0.  0.  0.  0.  4. 16.
 16.  2.  0.  0.  0.  0.  4. 16. 14.  0.  0.  0.  0.  0.  6. 16. 14.  0.
  0.  0.  0.  0.  2. 16. 14.  0.  0.  0.], y: 0.0
x: [ 0.  0.  1. 14.  2.  0.  0.  0.  0.  0.  0. 16.  5.  0.  0.  0.  0.  0.
  0. 14. 10.  0.  0.  0.  0.  0.  0. 11. 16.  1.  0.  0.  0.  0.  0.  3.
 14.  6.  0.  0.  0.  0.  0.  0.  8. 12.  0.  0.  0.  0. 10. 14. 13. 16.
  8.  3.  0.  0.  2. 11. 12. 15. 16. 15.], y: 0.0
x: [ 0.  0.  3. 13. 16. 16.  5.  0.  0.  4. 15. 13. 10. 16.  6.  0.  0.  1.
  8.  1.  4. 16.  4.  0.  0.  0.  1.  6. 11. 16. 10.  0.  0.  0. 13. 16.
 16. 13.  3.  0.  0.  0. 10.  7. 16.  4.  0.  0.  0.  0.  0. 11. 13.  0.
  0.  0.  0.  0.  4. 16.  8.  0.  0.  0.], y: 1.0
Accuracy on test set: 0.4722222222222222
Loss on test set: 0.2110367399220646


results on 2023-01-26 16:27:04.001508 : 
squeezing parameter:    1.5+
learning rate:     0.75 
steps:     5 
Accuracy on test set: 0.5833333333333334
Loss on test set: 0.16984408017779334


results on 2023-01-26 20:12:33.376674 : 
squeezing parameter:    1.5+
learning rate:     1.0 
steps:     5 
Accuracy on test set: 0.4722222222222222
Loss on test set: 0.18976358527633408


results on 2023-01-27 23:18:34.872144 : 
squeezing parameter:    1.5+
learning rate:     0.75 
steps:     10 
Accuracy on test set: 0.5
Loss on test set: 0.12603996997304284


results on 2023-01-30 17:55:02.259233 : 
squeezing parameter:    1.5+
learning rate:     0.5 
steps:     10 
Accuracy on test set: 0.5
Loss on test set: 0.13010150170788715


results on 2023-02-03 21:17:53.689895 : 
squeezing parameter:    1.5+
learning rate:     0.35 
steps:     10 
Accuracy on test set: 0.4166666666666667
Loss on test set: 0.1364978913394449


results on 2023-02-07 15:02:01.874489 : 
different convolutions:    1
squeezing parameter:    1.5+
learning rate:     0.5 
steps:     10 
Accuracy on test set: 0.6388888888888888
Loss on test set: 0.11968402839417748


results on 2023-02-08 00:23:40.173717 : 
different convolutions:    1
squeezing parameter:    1.5+
learning rate:     0.5 
steps:     15 
Accuracy on test set: 0.4444444444444444
Loss on test set: 0.13715305533215735


results on 2023-02-08 14:21:10.424798 : 
different convolutions:    1
squeezing parameter:    1.5+
learning rate:     0.35 
steps:     15 
Accuracy on test set: 0.4722222222222222
Loss on test set: 0.13172539966472951


results on 2023-02-08 20:15:03.119192 : 
different convolutions:    1
squeezing parameter:    1.5+
learning rate:     0.175 
steps:     15 
Accuracy on test set: 0.5
Loss on test set: 0.12708409361769496


