4.979278191835197487e-01
4.970999501275906729e-01
5.015190927577910518e-01
5.004003792228195469e-01
5.019919407782378329e-01
5.013914884737111777e-01
5.082643370054713561e-01
5.008664817370304112e-01
4.982478532286140904e-01
5.000978018575817918e-01
5.001697058521438199e-01
4.999911185967509941e-01
4.998543683411885707e-01
4.998251869692865168e-01
4.952019453555335793e-01
4.994321047906805644e-01
5.006070977179130077e-01
4.995460670754274801e-01
5.064420418643499344e-01
5.014388146000605673e-01
5.000000000000000000e-01
5.000000000000000000e-01
5.000000000000000000e-01
5.000000000000000000e-01
5.000000000000000000e-01
5.000000000000000000e-01
5.000000000000000000e-01
5.000000000000000000e-01
4.991634111164309218e-01
5.015333021005208280e-01
5.004914380173497435e-01
4.997168252795282095e-01
5.000000000000000000e-01
5.000000000000000000e-01
5.000000000000000000e-01
5.000000000000000000e-01
5.000000000000000000e-01
5.000000000000000000e-01
5.080394525687109697e-01
5.045914670952840186e-01
5.000000000000000000e-01
5.000000000000000000e-01
5.013954265180458059e-01
5.017682774285977532e-01
